1
1
10
12
80
0.5644501610381153561984
0.37403105053994204199036
0.154853189646853802784909
0.0540351504934078252613913
0.015150979174405414489329
0.00356040198146712144094488
0.000714062616900163643039778
0.000124428469014000809907608
1.91248118288702378505961e-05
2.62593741473347243188702e-06
3.25546173342644631358809e-07
3.67693723713504237132191e-08
80
19
6
0
0.152502853137039984243728
0.448991184137486010197193
0.696495805113598986935131
0.874364841272125881133093
0.97593114853320406254511
1
0.51818736673367772055417
3.21835752786233946240892e-21
0.358613122434501181047021
-8.20598556927612416127018e-16
0.180142554782794712595584
-1.28060223902091801460441e-11
0.0671507548760156217201844
-3.18905850772191766081905e-08
0.0179355090722609999829638
-2.11866427393591865844396e-05
0.00381982723635402679172334
-0.00449311237007043293623646
0.0438121272385861642801389
-0.315015269805422145799587
1.70027898039229888509813
-6.60694670233842082070014
17.5144189354331347710458
-28.5597019054737591559859
22.3707978067780255836065
-2.0760095896878644254289
0.526625963197326408646724
0.111968262222446647946447
0.384301888920203026589032
0.114736037733961585839465
0.204256828265657805908897
0.0650790460101386664477944
0.079229228637161428086441
0.0233885409906225427247842
0.0216971872723191351420024
0.00568323474946673252151738
0.00426130851446698686791379
0.000980834499386440300397338
0.000637609227186092981976605
5.61688871770255529604941e-05
0.000273474410452275057565141
-0.000421595910775778336004784
0.000654426327186826205290768
-0.000634188414978930551471094
0.000356479853235020544939052
-8.13062209479923303210764e-05
0.598383198499388364957314
0.395155752382289289407933
0.621823927353779054052684
0.465030872394576627387449
0.440608315401732293284337
0.289278973864368005286936
0.202019334797577520168237
0.109998988625381542684366
0.0608551670692817567851464
0.0277012161303721401852828
0.0126698499688741773222331
0.00489147508338689581458558
0.00204592625780635563605112
8.1669291689965114753499e-05
0.00193743202622267772886707
-0.00351560521516454283271174
0.00444458850425190676479673
-0.00169181130902506759409399
-0.00279331171905160078211478
0.00294903485093617496115755
0.743304562640098194763698
0.821909547678591765933732
1.18689624186949668402035
1.15795581004664830136714
1.06254747995786405177524
0.799143180812361102734937
0.544828325740053761786127
0.32242788221900287360509
0.174277091078347256157615
0.0842049309409951708994326
0.0377847668685980598808869
0.0134734685958981592070291
0.021343729842952319816828
-0.0976827442191753967125268
0.480589981580015359110192
-1.68781885612503668329447
4.16084360860398567351624
-6.67571878492306913931892
6.03575431427589866583455
-2.13614715023617446992278
0.934788369439262276468634
1.38261654302811795243138
2.06101628470445170199439
2.24136460745627697175749
2.10970152211481688407576
1.66228938799586619366935
1.14982754728659410045224
0.697738300066636412896678
0.380307396140777016968114
0.1862500634798659975949
0.0894223904832588173964564
0.0668632498489966061269615
-3.00581799455450113293551
69.6234378424821759106358
-974.755883326990565145059
9227.51118534941335355885
-59717.1040290524941049693
254586.307599859921190135
-646660.289460459551840124
743014.403853010262868544
1.09906863742329181536705
1.88044632518191296930296
2.8939586421099269166029
3.29688146236432152152684
3.16047802247768349280389
2.53920600180395684364719
1.77421459452003031564167
1.09532439595053535781671
-1.6310793850884644875279
453.446031213592838354061
-65990.8091817670655324389
7097779.8461046860986209
-572759218.784087918210854
34847527307.3234924231647
-1591143443531.28905899703
53692086496282.7110701688
-1299026178070755.19349378
21312707916696656.8153018
-212367818422380028.003135
970178597871749161.184347
80
19
6
0
0.152502853137039984243728
0.448991184137486010197193
0.696495805113598986935131
0.874364841272125881133093
0.97593114853320406254511
1
1.61655981705131624155268e-24
0.695338802290825131346349
3.49751557035665200631292e-19
0.57056577764196477276438
1.22661288038272086403169e-14
0.280587571171619774210355
5.82469045686458505601233e-11
0.0928666041077369698311452
6.55679373699155999979115e-08
0.0214872671379121422049839
2.16689929624040739953995e-05
0.00335556359075744716945585
0.00217022192387325462884278
-0.0127105491505302070267072
0.0512547353009907292971247
-0.0839980567361772886304977
-0.279905196936753906992632
2.04576504989472759533875
-5.00931098283255847672655
4.74114879229312509582843
0.108088145109501286931556
0.735915027543257517798455
0.271152903568005968359384
0.637603331772399990634075
0.225705867133665132056675
0.327429230003774953995229
0.105678088124413286256804
0.111512159312399647231671
0.031654500216857952047393
0.0262836474731005039036372
0.00652727834605287577264949
0.00446689691113123425170468
0.000986698999160366537776938
0.00053075916842521515231475
0.000227213583993232813663112
-0.000205916839057855687786576
0.000430562221578214078910955
-0.000449722280122576603999916
0.000293577275753135845515456
-8.40549237783216405652458e-05
0.369322854066348074832046
1.1030790521875386547959
1.06109002428329639818174
1.2841200165956292911926
0.978141839124805106488042
0.79844262004877475835695
0.488724668790495957359101
0.304116641195867173148383
0.152549884681831939702497
0.0767158504596677692040567
0.0323291200072686821309018
0.0136160810519515918006461
0.00500549985814569045508371
0.00151361551893499542694618
0.00125440863410106697726144
-0.000651029880631679925230107
-0.000780542454023794598813422
0.00510707382418917573266583
-0.00807353801258130187159151
0.00480760458975684305077522
0.731354638057319744359916
1.94191435523504508582866
2.52974620499463284954912
2.939426968949446736196
2.62760049736863188156626
2.09050732671474778499801
1.40755467325583684472893
0.855512255712302554085713
0.45842005335809674837161
0.225188815227766252655278
0.10009314200433308124067
0.0387464180859827664215333
0.0359928785270738625281267
-0.127839198454185171051531
0.65486530159995902037222
-2.34722873159193828208647
5.95697766496096374875872
-9.96270638308088073055896
9.63621170904099287605002
-3.90339541579011830723208
1.1763888297878851503152
3.19215241319845484391744
4.7394557313497981825664
5.66391410297079874264421
5.36117173648509468348084
4.33908272824746144100705
3.01017177284325680018544
1.84787805824650269924559
1.00846407087235295659522
0.49915147646240624231723
0.190628594791206236347545
1.03668902026685179764595
-19.3760406569363125304112
294.867332358733916433709
-3320.27904091672541228683
27411.0960276292364936343
-161351.209275910856370707
641472.343680040782969384
-1544145.86967536902675597
1700114.53054116904699035
1.55605000660303970295124
4.35515968849523524005174
6.84778938754073769502033
8.36019796609629131811821
8.10648451515301260136483
6.64029292913227342985795
4.66448855839210102784009
2.92056496515425579040597
-7.19536831546035546010734
1551.76738371999112180158
-205094.82494239452081593
20567444.4773953999099245
-1573735001.91457363956914
91826669362.323653580183
-4053453931125.78366102747
133012028157129.234585176
-3143261663317858.8557226
50543319760097487.1547148
-494930574605247389.43973
2226775153580773636.4027
80
19
6
0
0.152502853137039984243728
0.448991184137486010197193
0.696495805113598986935131
0.874364841272125881133093
0.97593114853320406254511
1
-0.771891945342134588064044
-4.75489656190929930397309e-21
0.927855291273064598403422
1.25540698605449103264694e-15
1.00917865921857626374815
1.96710319786787086991988e-11
0.486138677443315692339213
4.93794424433589560806972e-08
0.145109199688778117981574
3.3181494090240400388099e-05
0.0291302805271215739357043
0.0071571645458545051926146
-0.0654102001774270141712324
0.515805950288923022892345
-2.84345846030000051272752
11.397263862789104928459
-31.7118675447575229280643
56.4209948549232070532779
-54.2490674882274561208547
17.6259960441034796747859
-0.749760686870742740197621
0.297561329332690967397107
1.07267457258173492314869
0.650772201624997094920295
1.18434477855666195086031
0.474270921868978818368424
0.58405870628560366569553
0.189965982074120462925583
0.177382762213646448480709
0.0488028925089127059129865
0.0367351995231633576649266
0.0087361685588364098949207
0.00549004294316230067903878
0.00121495861705416633631133
0.000444750709104853736636588
0.000469238478458098969206321
-0.000417829595539942457056761
0.000393933436007852665274327
-0.000139162750998555104162486
2.84549149443293802987631e-07
-0.539597308017309938392181
1.25629661866192039940847
2.48045873931763402518459
2.85462247250406820335859
2.94687771796156538793449
2.19530184280067031644058
1.59459656730454073541864
0.914125581317419749335001
0.516405790505149016764045
0.241272925834017363549046
0.111707852596610259280898
0.0440398226420720700809785
0.0170903864912960099649146
0.00673979261520603305268769
-0.00116496116176378804716687
0.009251663656774837227142
-0.0168647634931821805895252
0.0228725863620357700051639
-0.0185484572171357490348382
0.00690594602229690756959568
-0.0199034399802968127241036
3.23929390627738794778474
6.12751712099923582337449
7.75289442533956611504025
7.78418837699794958051228
6.32354069736141114152212
4.48264767324192479569122
2.74193381351493491614266
1.51264192088291274861898
0.743952613406665191689252
0.336584323815078133845279
0.136419369996752514800899
0.0707867436899125655760162
-0.103724964802954924542433
0.644872466130143387873008
-2.46549070575808923624634
6.82538337864853099262904
-12.7320282946403402250217
14.2863787227250294156962
-7.23934317334674730664416
0.802829522912602253773873
6.36726403716943923447178
12.1770525953174163202221
15.909636197567656791703
16.200523218487337985164
13.5170714408522111415666
9.67206865747185944475518
6.02320218597595954188266
3.34215761052328470236405
1.66971270489799839649164
0.605114293470506566875045
3.81500916574461842665268
-62.3451997402884430120062
852.922444456783012425622
-8834.31359756637162242112
68176.7688791412152839249
-379569.679784734428794935
1439960.82075579885595622
-3330367.81026278273416603
3542179.65368555608393461
1.5936943922598569436174
9.40894209894410770894421
18.1859592854237253356878
24.1130226563925315920351
24.809756878255644029023
20.9366669385263988222486
15.0844172521639141848201
9.59035606623285994749809
-22.766716035608157279975
4650.98939327521187252138
-583730.718298991614888417
56089205.5251782445353442
-4140234749.70139392156167
234282925687.404649688732
-10070947996354.9547130282
322880851619584.713885033
-7474799403960879.50063044
118006244258769727.858699
-1136586913016041212.19995
5037579152403911265.53398
80
19
6
0
0.152502853137039984243728
0.448991184137486010197193
0.696495805113598986935131
0.874364841272125881133093
0.97593114853320406254511
1
8.89396527797323990778605e-24
-2.20005746063241116523157
-1.78779843906808515792345e-18
1.39329887296819928219729
-6.20609269928406116627738e-14
1.77929534386690086151562
-3.10537276361690435561104e-10
0.804165174047191149637684
-3.86825256333336661894456e-07
0.215693980996649628748053
-0.000150892208673094595024216
0.0413300768993291311077988
-0.0201698167196931529232768
0.161423522840620948992989
-0.914189928016607059104073
3.96057098999419964953386
-12.2508205108534618553483
25.4492595734118734655374
-31.5570715848170263951482
17.4425559165913910419499
-0.330424996554085626199696
-2.09796167123155182142757
0.701961805010207195450351
1.82256542522414528697109
1.45883168460383360422571
2.1869793441790450019507
0.92423783154843983360717
0.991884673851175110677234
0.319617147163386555515647
0.268061542442013231439853
0.0714294042094607891625878
0.0492275504731493213955748
0.0112248357035276248598777
0.00665929735619732401810058
0.00107936871116100336231263
0.00119268576837405551096936
-0.000696808966559388042258916
0.000902743481937004227885935
-0.000512376380164108762014156
0.000143507038755146123253043
-0.826103337082064863367074
-0.946395700899739332792828
3.82561253334131162500449
6.28373989312584186573552
7.08853422346926403757348
6.44869524266319415780494
4.53401351476195068795486
2.976485889430687209982
1.59523521957083923365855
0.827340429218072902155467
0.361932962828097895127756
0.155659963975438200403298
0.0574807352027698171678467
0.0220446726408958427701665
0.00415972138017228309501678
0.00810251509241781910341411
-0.00780186139649738872807787
0.00626744796472186363407817
0.000231177942367291724036137
-0.00241096375428401219542569
-0.696889305531108285249553
2.68391374087952591728379
12.4000084206681999450021
19.11953537818349137827
21.3513747893888010291801
18.8607872558065478621746
13.8474279621619694657741
8.86323364910506495550926
4.96334964932846174397755
2.51244290610333832590038
1.14394440254082345436253
0.479459439812596776909043
0.192344982876951199732665
0.00830649164568403708313841
0.345455280423699807577363
-1.32152808346346231453089
3.89162383582156815267363
-7.66221104907341854578963
9.07727766333727092417201
-4.86717403414323320024309
0.305614256777125510376278
9.50174529433469046068909
27.9627025179736314960574
42.2035944874761348298067
46.8549553401142304200387
41.4677831654470615588535
30.7533318874200935359041
19.7485569053639123429174
11.1685220457355479503358
5.67743655700491883523967
2.31587093913039347770701
7.56148008809368334536635
-112.118006460580533072804
1504.02943797768428078493
-15288.5954217370095584067
116067.279150123441489445
-636917.927844094926043129
2385441.76655243424266749
-5454266.49919328410233271
5741860.77237290914083534
1.60881493738645662197247
16.7085484725258359516562
44.210554916484891378894
66.2421278502007940351784
73.4879889190848079595935
65.225906988542789335963
48.5818833072919336774262
31.5468828734080975298828
-36.6213429988254861128797
8879.79732811352676166833
-1098093.80094002879888757
104179709.516285070160291
-7603348142.44158013082877
425891862474.053777161594
-18139662152831.395030533
576707690771708.372381772
-13248526763296654.5122014
207674560104800318.659423
-1987059396497148256.14427
8752863899338019243.54203
80
19
6
0
0.152502853137039984243728
0.448991184137486010197193
0.696495805113598986935131
0.874364841272125881133093
0.97593114853320406254511
1
0.814327599132399924924037
1.08754141901479000491019e-21
-5.56832507446427762225047
-1.72312663833883649547e-15
2.12951909711582850070054
-2.82182079486636686622265e-11
3.14212933796727320769831
-7.50484476396297451459863e-08
1.32402876539097872750538
-5.42923631623638920683755e-05
0.322591910798163924675408
-0.0129495335739352259739051
0.187746537276322711823975
-1.07824317111763982602632
6.56371699098329318788489
-29.7602986198179033596868
97.5263354677658861391676
-217.800595963066164099886
296.350094851918824811221
-185.167876511670226179041
0.686016153198506089982644
-1.66658361404326811496116
-5.24520219835979979772715
1.52811027046653477726064
3.2766606898515250358784
3.14484637602548851387116
4.04148876982847069681751
1.75573277782907861116376
1.6750466943889601302404
0.53284575720571794391049
0.406343770634369974824468
0.105248858711495559892063
0.0669230428502052286070567
0.0149341034756562373469649
0.00752674252002897906404178
0.00298806446805387516718055
-0.00195709143666378735469994
0.00361145137550962859407923
-0.00268357904198423053264151
0.00100197217436782497512307
-0.193625063400057935268066
-3.84380635146864227299048
-0.74828340605073887139415
11.0165308406311765157855
15.996367371955038364296
16.8188097387638625724082
13.794336841277041201203
9.09932819097455529891744
5.47568554999093554992143
2.75629277099885177592274
1.32609089261281085233964
0.546769361830718953549776
0.220061197746637821053117
0.0772198614926672869306014
0.0272130764285446375579969
0.00534320221994242084919451
0.0119088483867441552903634
-0.0180923496535368825700901
0.0215576843368022927579452
-0.0107027179879845088989341
-0.944367577084636290694868
-0.80953074359402511464194
16.8569563699576322992423
42.8827762998934344595023
56.150977587380018400593
55.3418335941008987383588
43.7969301177007117843289
29.3080903035857743738944
17.1619245345887369039793
8.88294703795350424688496
4.16813012013010831682994
1.77135502584786331357593
0.69807188307693138447338
0.227106427171936614874815
0.27245002613525006765618
-0.950829029571257993212386
3.51403695608514561254089
-8.30072070133526351661801
11.7332733446602444593114
-7.50739198057307950506553
-0.246106563103794744202181
10.8522518486188894936487
54.2969529792731827317451
106.495354229492006449024
133.358784979616021676101
128.299298494834528750646
100.73460103575101185705
67.3593075987848781129356
39.3721975707811025384065
20.4685308947739267559049
9.23033619681462221654118
12.2853733001516866627019
-140.148616900798726258308
1885.02249720612842192335
-19059.2917091437286089761
143973.412402257187244838
-786236.988559522622364517
2930949.42367054837677814
-6671416.29135998648485612
6992749.3008866226108383
1.54350320632427153352183
25.8117080487844795180713
96.5217282346654958904324
176.296964591047404092024
216.894070945467202072929
206.891533093249220765381
162.03246635906260639242
108.74798481859001966436
-30.2215598536000039982204
15068.3159214931905845739
-1837253.32680189075396367
172304975.440699986968156
-12445315575.9764465920843
690566226768.329649555081
-29160123623457.7172344467
919735505126621.550982852
-20973410577668471.3626888
326504580215768218.902676
-3103856165491313218.37263
13588813413203651934.251
80
19
6
0
0.152502853137039984243728
0.448991184137486010197193
0.696495805113598986935131
0.874364841272125881133093
0.97593114853320406254511
1
3.71364023876987521939287e-22
3.93214505831289802627928
1.55431867657442856042855e-17
-13.2449227852089939665022
5.5567483056441623078585e-13
3.36778811267944231358396
3.11313058238456485787293e-09
5.59933344994700061354632
4.4786235431065304412031e-06
2.1917536609978805691149
0.00205412100140399553717524
0.455870300396962229179748
0.328920846127135834478765
-2.74074208288902238415556
18.3342589589424475608101
-89.3162157751770065485836
314.856387539781304737247
-758.082162023061553138632
1115.10783180043505871277
-755.713148473324071755404
0.552975192079656875815387
3.01763572043788939160003
-5.93036561394042375508779
-12.3533300235061116401533
3.28616280384755223162965
6.25473006954353683949754
6.64916226677200575049342
7.52272076159138608328792
3.30030202199784681148558
2.8414457855596563969315
0.890089541157638436606734
0.623299513770566196699124
0.157238484809158249327728
0.0933351096513493486906022
0.018916912125161066863162
0.0128101926476911731407981
-0.00294578982525466179978514
0.00706958450705895584262879
-0.00471318473599084772100521
0.00182235056651983709010622
0.650402656748345651604758
-3.03823964154686457758335
-12.3357488731283311321755
3.15662685546778967981372
30.9679088311926848854345
40.2962043886784650380299
38.8454679628739296822845
29.128012330922792629353
18.0155402423122645652257
10.0418658996461633414549
4.76763467425659567211342
2.14552385481115562198352
0.835967316299311832630374
0.328709173946728855211381
0.0618351688041466298114611
0.169340918868360777244144
-0.28540117166762854693595
0.446483809210788336781515
-0.40570426963046387970029
0.171832336405051766468466
-0.644868153870676992186936
-5.65723712293438367521867
10.3947211174201630667175
75.2745267654831567963895
138.171482784165999189047
156.886360161342710638457
137.892725260515003575454
99.0419114785163110156112
60.9182945298149860371504
32.9629957006497626503725
15.8922675833158063807598
6.9736188006299383343382
2.73101990930957493457018
1.40994440278534407191719
-1.78129362438551569698741
9.12144719639471236383428
-27.6171784208859620538391
58.2220060183811830580573
-75.1301912848341327850012
44.8096071614626939194618
-0.727438087508605327037159
9.25264887888723897542907
88.1206248447683958844205
242.911021164321185686962
367.770820188517931275813
394.032593514852822946669
334.760097172871269085878
236.758376479665905793116
144.434940019197711655146
77.6925427555966792561855
37.1892881475100366790906
21.3257077079340461258904
-76.6607642393687740223339
1073.68043671406468712449
-10504.7360113828491642321
77010.4244019193049517691
-408361.707639283456284224
1478799.71168645266239172
-3270693.45208237321532045
3331506.48689327458851858
1.4196417493265871496811
36.4448389431739044667467
189.619513968564007885652
440.962473562621169474034
629.545347278870498863524
658.950498994564775350995
552.564332122550550485999
389.182533347946206417447
51.9617638959281882293922
29107.9894307894875648067
-3477092.28931633050657671
320771081.341223053444152
-22824832267.4243860575911
1249270812753.33046805664
-52088902281640.580209291
1623700555624801.8724827
-36620418315649078.3635097
564197916385739738.697484
-5310920116293653034.70835
23034669502900982473.8184
80
19
6
0
0.152502853137039984243728
0.448991184137486010197193
0.696495805113598986935131
0.874364841272125881133093
0.97593114853320406254511
1
-0.81869945566427772631191
-1.99894262847538381762774e-20
13.8581380496820524687376
1.60311886013021859905798e-15
-30.4833174493883176801188
6.73003885686423543124204e-11
5.4558610306057974194441
2.28460891013894645773465e-07
10.0647276443421710956292
0.000200555178611339387285049
3.65824127955408124957489
0.058896952465577720211524
0.0583465317437104767369019
6.16856067755877871698362
-42.2574365517135213701596
217.883947491208799954056
-811.848828595188014179136
2067.69459792767255895249
-3217.81180970396402386702
2306.59866128923263101429
-0.512815703303554438961621
3.7971974073725377627608
9.65227223443278628467257
-18.160814435713469510058
-28.1891437012144213004215
7.06852449613014208181007
12.4347298793327755909543
13.8871840151750501550001
14.1006677319852346570832
6.18291015063838481663321
4.86132739133019003966781
1.49808613032323980042132
0.971842289297615805771765
0.236693991156882072564547
0.141572974436887495459896
0.00459517030727685754290541
0.055221865669919017375811
-0.0495612867066349918827426
0.0403702607294925601633695
-0.0134536421755301828032512
0.798762010585063881152324
2.32978705470688632908285
-17.0893599777077899239936
-32.8422454513706135443438
21.5912625929332994971994
84.8805444934590895288732
99.6928626985351739627697
88.0699966713565249218373
61.0103907089486229286012
35.4677452403693243890362
18.4662401529232677503774
8.30484441144826097181077
3.51430373102343051757608
1.32923550366515467195534
0.380594824077145365931938
0.428076947363240467164976
-0.575718772929295393754625
0.960437215313339176256158
-0.873881776693555266390126
0.374600333834402864347306
0.0193676972962268090843274
-8.53286641509419704044351
-12.8616377896204802966175
86.3343111428551699308937
286.226553283974913977354
420.184657937799630342009
421.109240339533326517798
334.183003693189621532845
220.183509129031238536161
125.478557498989256668091
63.2518171618480715858334
28.6711191466720234094676
11.1193325289680696053621
9.37725553738306894015942
-25.9045524818322816681099
115.380160444767133415709
-348.572971889276165070091
725.396846106687878003964
-924.399431151125828636136
544.25284043291290926688
-1.04268284056169810395617
4.16663157073317205711929
118.98056515291766954926
484.591604874190868113265
944.299214436826888566613
1180.15128919583010195344
1107.59873189308632916036
844.508393511723476185083
544.699127005778212694145
306.161964796436607940574
153.800451446684032150519
48.918223708920392098996
363.140926690145768959761
-4346.66845301636620689591
43301.8555139024858333414
-322314.609795024098126274
1738927.5324921399877534
-6418000.26015810315583808
14491277.1748231760048248
-15093731.0016071345922788
1.23015515888922527536732
47.9964272850860109373902
339.42431179685857413981
1016.6833075855700830106
1750.48327428347589132564
2074.58388087071180801283
1896.08040136436164268059
1423.60584581645346911049
710.379923936610930094345
32935.7420244236983446735
-3993879.2658157721997771
375413628.064350888258656
-27050144279.5469988478849
1491614733331.69513644984
-62391771958963.6669100667
1943975747310138.07305253
-43686985413573633.4792581
668840688521693032.144032
-6241458753369441271.90968
26779585816118539514.065
80
19
6
0
0.152502853137039984243728
0.448991184137486010197193
0.696495805113598986935131
0.874364841272125881133093
0.97593114853320406254511
1
6.17247706989818547411777e-22
-5.64129732844026348342813
-2.56718232428573493944657e-16
42.3729973604079331207215
-1.10228600324268437103198e-11
-68.7074519459409542588056
-6.946905845259878053281e-08
9.00180787786876473408984
-0.000108060197980741913066393
18.2431488502338758626358
-0.0523660917796815355114306
6.95464944468816536609388
-8.74452265544072419413891
77.3037982819455157632702
-504.382227795427953719694
2495.02739724207344106006
-8919.96030322648885007314
21767.1996243070892340788
-32431.417103339785948479
22250.9178114283124732286
-0.715675796094854878663669
-2.86985159769504060717247
16.9659770871237638896171
26.5836135389546985319159
-51.0794203789972211699029
-63.0314658216898230239666
15.2834632064966733740341
25.4027622194239841011512
28.7791783558510880297001
26.6082402949330446215993
11.5874755667412331216885
8.40035206104059890284761
2.54578411631860101564015
1.5413096973991740722648
0.361474641815757160083418
0.219305594107509916444311
-0.0121332780034232510008681
0.0864704702656664996135561
-0.0525828949794027825844743
0.0224082137396858099447119
0.0963374440535248530630977
6.83480137036791749566642
1.0168098499693744396261
-68.9793325277335001623766
-75.6384303004908528375644
88.8285704955593620434483
227.004041427877315552664
242.284405265400726644334
197.064674041426290687062
127.157312263888102001824
69.7207500366948270399748
34.1298851052932983131441
14.652690832608680285252
5.56235411163929891500116
3.25725800488788759046892
-2.82856316961184321468192
7.91680270781221141301111
-11.3774143579387195419336
10.4111971999717900929562
-4.34660564797845540457999
0.672338443520127627042623
-6.49562925817836845156419
-45.4502604475992766500899
24.4832176946801532197636
442.22051264439255013777
985.785163073271251248324
1220.09430428114945798169
1095.5530092706499602094
793.76349923679669197166
483.988800260294072675905
257.34736151231076870667
121.714468195111138919219
51.8243683257747896900211
19.8004965420993476616334
14.562263010023227548629
-47.907869116802988607453
211.036643086387962876328
-550.742946241842898905568
838.479245958226119170976
-568.543336493923909653352
-1.11935632216125855779195
-3.8659361603791824712294
130.260741646203377765901
836.083584256207930833449
2182.14644065614177869621
3340.52035494450530677499
3581.92173567348733074195
2998.83017138333572962866
2079.04669657464972210956
1235.52735590499149138459
636.968969996282485342696
474.912597398300687266592
-2709.86392311055308302665
35609.1678581158346797834
-338761.146575678341129003
2408346.58993255648835807
-12365735.0628275438094927
43300384.8609106317696141
-92486695.1695675652442576
90867693.7256357308956113
0.980323395619332463596864
59.6485649431932573458735
561.543863004612039934651
2154.82061967039153911928
4560.1174716787490881652
6313.44045655164444727583
6439.26438531595184253761
5241.31018627113940933477
3181.33545970121839958655
70377.4855135102551284801
-8986481.14751932080457483
893342843.264433035352319
-67544184920.7527008031366
3885081632436.96546026224
-168726089597172.761119684
5438407511760412.77575753
-126067439218061786.996128
1986304088390016360.78753
-19040968827357632930.9292
83803023904475094832.7911
80
19
6
0
0.152502853137039984243728
0.448991184137486010197193
0.696495805113598986935131
0.874364841272125881133093
0.97593114853320406254511
1
0.815227613401004280518628
-5.24960919403455031391163e-19
-25.586351633652757887663
2.59255692311240688761654e-13
119.324967299633714405584
2.83692585862182479650148e-09
-152.599773031055476081053
6.88557985197252181477111e-06
15.0553973861325592988741
0.00469622416680590890069275
33.2255428155736080038326
0.991114917613649621462939
1.2754377569863232066067
63.423098554488704824658
-302.225250141991765812253
926.093021465291155773736
-1236.97627640962041649105
-2047.7470606598172792613
10593.9624040053025439947
-12430.7333230332946602778
0.282789858188149486945205
-6.18638664519028212401381
-10.1677784170952198423893
62.042161933374476635907
66.7490635223415892365367
-135.932575521722070680261
-138.88834157726259919711
33.2444641638324758731237
52.8061269910896196449098
59.3312666132906112174054
50.51676345265811625606
21.7655836346407993561501
14.6407924226404013937883
4.46418648635718653989905
2.16313788709233325746926
1.37768732180929827509035
-1.15751381847461566964615
1.85567273358445458215851
-1.34184745048681035218745
0.48417857211805604602174
-0.706980173702618179987038
4.22890439468289926074705
31.8922427175681074158255
-30.0331005302764518537782
-232.726058735550637629121
-148.026920231363652285985
306.208607265601443890613
593.445349281954492472638
579.577361866920476458701
436.664223690158062001895
264.192286421516544930442
137.08359852936646247119
63.7227315942405387886109
24.70653123201624793373
14.6933874291078073536103
-11.0435582766946792560925
32.3138060636023503000204
-45.8469897276741052436156
41.807221871458671790908
-17.3353589071024604726268
0.941295270166365763620605
0.59611812716075237617701
-64.7561827362862721578431
-139.562878583364987205773
399.565879271445258686511
1848.49626085643934899117
3168.14805853650927703938
3413.68855574843181633754
2780.75836598555065318596
1856.91442025477223290264
1055.53910167575873293145
526.533524512268859427036
237.464845208924812845499
80.2906875910481836613078
101.889750444125243792576
-215.438386547719267993125
568.864857495791590889781
-971.206307141896274218532
1047.90315378804130257181
-539.513148981727945949252
-0.935019201969679043687614
-13.1563362707172280205403
103.864431952891127857124
1239.16141697638226289758
4463.95870796017972088224
8664.32735635034316031553
11032.6623637783137404309
10411.3497454375603622449
7887.18211418583547906101
5027.83351559713416898023
2689.08292190965545765581
3080.16023835649834299763
-27003.2909023536404908808
341159.141895554811207748
-3220090.99816044228352251
22817929.6437606159557395
-117357607.012728681944045
413531890.484825885417251
-892686139.293692729056336
890057499.277211046537571
0.68052102785350533197865
70.4115631339385303002921
868.745403103832771632508
4221.73859166933548640808
11019.201259585160275384
18181.4542166103222930912
21224.4208775772598951271
19115.4336008468937415621
8093.05370783638941635638
963181.407029331472593806
-116482924.775432055783214
10907634424.8316092319111
-786269677506.779876358845
43520734190266.6307933301
-1832320316940298.48527791
57598231098096954.9034532
-1308540695923301130.76224
20288278152371354867.3827
-192038759058637984017.449
836989156857974800422.15
80
19
6
0
0.152502853137039984243728
0.448991184137486010197193
0.696495805113598986935131
0.874364841272125881133093
0.97593114853320406254511
1
-1.13333096517609276764132e-19
7.31093629860372764564456
5.51986680048176105950975e-15
-95.4309585602323570391527
3.15747024892118093875181e-10
318.26498966730853643623
2.29979099841925095838459e-06
-335.185205047455489723747
0.00383126475543974358950489
25.3349628844120560150918
1.92989262021245589658549
32.3972199396708867619619
330.549918802152774137587
-2888.77227148546081687577
19424.3124106490588939875
-96826.5887097172300395108
348640.453642331891571832
-856293.926539207502949011
1283483.09024103116269169
-885543.55531180748009045
0.802077453882961424376204
1.4838820784216283522411
-32.9510445437805180845304
-27.7273030518497901012095
201.37633892343092350513
156.656803685872231792783
-347.845927135749671622211
-302.565848881754696187014
72.6996580981635206246551
110.956091982358922224029
121.879228605873109203934
96.4191136132670519974258
41.0622597808110104111618
25.4998878345336855146188
8.71527250513142296074245
1.15028696319986590827336
6.27384876952670026563526
-6.27548774521978374682147
5.23974808537194656783867
-1.78039983570276961328679
-0.752279966174958873009809
-4.33640199496376660728412
37.1783472125378496470825
105.41436665976146176036
-204.315919107573605868871
-697.046178479324022959539
-217.67600508838730074272
959.602245303238001816184
1520.17261732368783591851
1367.69221306733647460619
960.282181549044937259523
547.947743155133742152865
268.705201250642561654117
126.202010557893140022451
15.5864377359041352536276
113.11110968758926686996
-211.820259792769748996448
337.201317425140090865523
-315.858667361004913748576
137.605707610551937674201
0.667768407188426585440664
9.20576786640095853175825
-45.5500144868301745195439
-350.287121566817213273725
-139.47295933625408206458
2449.19258568112763625043
6857.27126162848274660581
9667.65599315884754601099
9267.34913937075789124034
6919.5402582499272805565
4293.85271108892203278088
2273.08006479174139150409
1227.55119641565497681563
-649.87692080872304684285
6418.49174577026698386685
-26364.6528867585419256007
81150.8171996115458387211
-170516.547039040175582941
219421.004739163656406571
-130318.064131954650658173
-0.528365342121163030726368
-21.1703199931109128029536
27.8198987994995749025549
1549.90991363114520515899
8034.93490689400289302807
20215.0442464286232375557
31501.6831234483406795695
34570.9744774938530075464
29238.3417129467316951293
20276.4078779818336273211
11850.9570016957676044119
8466.84176894286273409523
-31273.1916347343819361313
391632.744128508502867415
-3403571.59511519023619594
22204772.4371784498546428
-105019643.817945259106298
340572740.393571907456985
-678626463.900528467729185
627934813.267370893336095
0.344617096064941280881362
79.2124242093270814213997
1268.30766745841890396965
7708.15301330714679661847
24691.3495589423489746577
48924.5254181101085434147
66610.7895975421150624685
67712.9870072918112237899
33048.5305417930571281055
3253134.72998670433652978
-367218709.892828861500608
32304411028.3779172731525
-2196050586597.36742410171
115050236099124.919573242
-4600951011316258.03758465
137860115411279816.62733
-2996065317816571115.51297
44600158116263548827.1575
-406865202247113112441.981
1715724442938047058335.25
80
19
6
0
0.152502853137039984243728
0.448991184137486010197193
0.696495805113598986935131
0.874364841272125881133093
0.97593114853320406254511
1
-0.811402116903756919393683
5.62615338075059598006023e-16
40.6115450451659875128842
-1.58293848273912711286985e-11
-316.75497366280178363081
-2.26892000246909585134917e-07
816.589684973107816712249
-0.000573101397348362720811235
-729.797868768861170710761
-0.389672901558209275631142
49.8312827057884562405753
-83.3009094196729613334555
912.43983400038173327028
-5738.75054557854243246503
30247.0026590365022903908
-112239.195245884059967358
272771.958481699680926672
-362247.548720284926005099
101719.10915251343591761
221936.243386313632892079
-0.0281660945343448273251788
8.28588788485542085089344
2.7795749480547080689994
-138.659079695387824265411
-59.3838499204287637632898
603.312364834479247115381
347.593703420530979843218
-864.367499605753153291281
-653.007156037584692892015
159.637751105854946458322
234.646787521328142087501
249.497213136836321452091
186.230800277321866801482
71.7669385310789257628089
65.1434294097403566961856
-35.2546308561582484250036
94.9372732453946399369225
-107.741036591838792808612
83.0637086128088479540278
-28.355961340499730436052
0.00991689838501424755512718
-9.75153257393297449330252
-6.24355607636723076065607
202.994542989341317144471
254.494250960707127920246
-920.456852402965410039377
-1906.48983815202356395603
-73.2187508781671647582002
2827.58020269637032109184
3824.98621297887109440551
3189.93309425906010844187
2101.54012487909494402084
1117.76333812488258947605
619.061772437691159364087
-123.317182276847073139863
1128.28442688478740821146
-2247.33057066981101027904
3402.03126559871045334417
-3089.71409598742192466077
1301.12648473489536061912
0.00575038347822320766990877
13.7911171865110817831212
18.2553267742536023421991
-448.03430189821549659977
-1282.02398848663858899738
1395.68876255265150664719
11406.9088688189043772475
23461.564053585278111669
28328.3951338790284135107
24540.1393660478997147728
16954.3481896294619568376
9663.99005868037180605941
6498.85809029140290683079
-9195.94667836841424190878
64592.2884819873007909288
-266357.810823139750627032
809590.253980291577629304
-1681851.88323783040960599
2139228.4374960263263775
-1255924.40642744383646797
0.0070727166061594014069907
-25.1939306601932712896383
-95.6954276195572672220694
1548.11468831306017038205
12662.4076378330319313121
42108.0146133389732323546
81851.6327337432235818623
107244.545592287298197127
103906.969581638079314987
79932.0058257855502639571
48787.5919787268301197002
77276.8190137902909402385
-772357.313185472661823174
9606609.73851612750132825
-88607863.3137039478371039
606461410.585313017970752
-2978027306.41297580027312
9900753713.47113051369105
-19915391203.8481203423462
18254693701.6008538068698
-0.0112968254178540309195908
84.9819099987426117759477
1759.45791687677103104143
13221.7453751552490200975
51539.9288976456115172416
122542.730545256630842795
196428.842044089563578438
231380.003950644277462204
-323716.570505765609155027
84157649.9930527149948675
-10135830450.5287744072677
939698106131.327866551352
-67170383942669.1605040957
3692619525974751.22314356
-154651697182211811.670558
4843366604832192296.95703
-109788551194921919337.801
1700837477542109363905.96
-16107774884637895344715.3
70329855101802785896433.8
80
19
6
0
0.152502853137039984243728
0.448991184137486010197193
0.696495805113598986935131
0.874364841272125881133093
0.97593114853320406254511
1
-2.58472048758296225482815e-17
-8.95548905181677139741166
-2.51694124101703934029888e-13
178.83598833562024195508
-1.31845793785656887019203e-08
-972.1528465529612841453
-0.00011199216280961761385642
2034.85642550075281784843
-0.199361295043753789909835
-1572.51444544216101421246
-104.316968359424472757223
1653.64367058292585749468
-18336.3395177298139081698
163142.55461719638274749
-1098688.2264631444973871
5521648.68940136243024331
-20026319.6505822336380446
49511368.1600653872377084
-74655513.4926137860711425
51788613.3865380284339438
-0.807803596503604794522111
1.06801995600404830334633
50.7549913382542080426546
-10.3996667809408700582255
-505.024568254467025181798
-85.3512531743688172564279
1705.70559494268787838913
731.709143201411991092193
-2099.1969662381546677632
-1398.21180979710028958395
351.562446146471537317949
497.726712805183453216212
511.219915582464829763923
353.256870646204587208751
158.687599456666571003482
47.8703094782491722849064
93.8149028339730355335192
-85.8218384197759716409527
83.1483679610230185379267
-29.2941572906909208803463
0.760212843995116389072072
-4.62938072482129630647384
-62.5998279013765569054078
69.5651698259737238354894
849.71504492696017255919
349.253993952334930500911
-3427.7628981316960730562
-4822.26993033323696588509
1134.51764652540697004514
7973.24731565180706839223
9472.67889353997909069061
7382.18607932751399272255
4468.18906691720436498952
2848.54647855780611683265
-921.430992530545160886044
6229.33337764750089876722
-12217.6140320148311814993
18084.8072397336120420783
-16076.0452065824547349353
6633.93662404244506352744
-0.661145265781247467775391
10.3321015807191993960615
98.6726272421739241851766
-249.088561203451587109911
-2561.25091753247192141409
-2954.53662494009746258878
12197.5920764153565365516
45903.8214238099685097143
75643.7657010580168309828
80332.6006638999425055755
63686.8517903378989616812
40425.7163536995399043699
27434.9670486687047670379
-30213.8057400558760983564
252343.226965810418740485
-1118824.21373204229193132
3654425.66919963960985689
-8112020.71355192128444246
10969781.4196358212188301
-6814196.73015126110048036
0.544217995213645524790803
-23.1789731711334158418215
-245.255167069488788709673
993.432025904589844997979
17254.6277932782549112623
78099.1503305943602352781
191849.767511463187649483
305360.249056520552395137
346828.970040042602519335
302793.0846454185077718
187345.953604346245330819
702465.9702449824856802
-9788376.93570851187807931
128932428.734098783053016
-1277200401.59094499260393
9415739326.1489418096351
-50019730046.5954255040074
180893861605.660881233314
-398528215697.121354497772
403525879790.752329841235
-0.369937230614269870263256
86.7428476945461603600866
2331.20272904663565118515
21458.191727995335714723
100848.582344106158193572
286212.109002249009868225
541111.674695878717660344
750621.649503904725827213
-3608576.26483506750717471
722083695.093509429435489
-90090933500.2097701220425
8583999518727.66219683875
-627364968794944.416963889
35125082781788722.8719944
-1493672630392073161.0107
47382177110861357991.5071
-1085775579541884372565.95
16976943199209839443096.3
-162053843413385825633752
712351280362312126250393
80
19
6
0
0.0948337224785243404490132
0.308147656395504787596451
0.551008815862513934291655
0.786247749467685497215541
0.956738609914218218754911
1
1.21480456393634496120595
-7.78124473025284439659815e-19
-8.99360439614529993510606
-4.25345641787292002432464e-13
89.2104665226146483839606
-1.91461980527402215879172e-08
-902.02412096735268507908
-0.000176008296559392928116576
9137.41149364939971016485
-0.47212892452096106056982
-92562.6979544060508004904
-435.600078298535292380714
947075.73504852038300073
-146198.013529102212124399
-7688247.82457868774255805
-17022831.7771846091986452
212298605.107128341991176
-530650295.969348334249085
317268369.826144723209569
395165793.825637094080845
1.14053532383284262078919
-1.43843830157660090752775
-5.11202929164888451819343
21.7238750354243628501997
7.67574191350862191480855
-214.356584299677872897509
307.534980931582849836728
1447.72661272157048307727
-5408.27319427270250467775
-3889.37307405685525089303
56746.0231407087510292854
-61330.189121521060358757
-425887.740010168107930826
1218113.71732981782559448
3513797.59109918862870125
-31580981.2133954937216428
100157484.804439550708894
-179650741.266689393649192
182347239.721040975608538
-82464513.2706656493576641
0.7715064913225513166757
-1.51431033565317333306001
2.07675685349626308898398
0.435443663233365180118782
-12.2153307972846710699443
37.2931015214656513071695
-55.9658455249777051885453
-14.8600349172667465284436
336.886473014452221328222
-995.058777163472710373373
1421.7997580178653770674
662.990106731886886336507
-9848.82838264585208107968
30411.708200897931366007
-57948.5990661870368161147
71186.8891064923698942074
-43973.2608714369384603895
-14980.8099533286413373075
49157.7352745274929283659
-27790.520898318100006465
0.511327037529860054032086
-0.721813325352731236744302
1.04917893342343257324712
-1.37297853612337381115171
1.30613257159505782008593
-0.13777158948706678975014
-3.01051379231472323755731
8.70820218568093964566524
-16.3710662380293624050387
23.0992942242244979956665
-22.4867574339554308364579
4.17213590215091060017172
44.4169024093862440908328
-132.206362871079892283219
253.453013450292158793061
-375.043386052162089561721
435.88719938343958087327
-380.258682278615114723122
222.007006091334966838921
-64.7697894917493746600093
0.385338844147965695492354
-0.396620862920809427017461
0.436642453586311210847231
-0.493784630954921776626467
0.539257030469927562201783
-0.526038786247703675851837
0.400405335250201481756326
-0.122553782167726118693641
-0.313623103196249222125907
0.870474912322666918885606
-1.46816908157012693786144
1.99295463128777510231699
-2.30022773763646616123656
2.17352661271748201637245
-1.12351149774304183618775
-2.06249025108822391846711
9.21622255993303400674977
-19.5286630111542828803994
24.1767845293962241278923
-13.7195449644356167279214
0.328352538100577003094388
-0.282006514237552668320607
0.256647195082376576045729
-0.244161360765387728052431
0.235937633779910906181754
-0.222249237348764860815199
0.194052147291508440678041
-0.146130060268279473220095
0.0880892400876279231401868
-0.728445868796766913640967
43.5833378887406900226791
-1973.52869098137363361448
67103.3359729251036445651
-1694355.92680281120926458
30925753.3840457356696039
-386610131.564343807231995
2924170307.27015003656673
-8195623642.64167701310282
-46953591637.9288993861948
333153853207.001779161066
80
19
6
0
0.0948337224785243404490132
0.308147656395504787596451
0.551008815862513934291655
0.786247749467685497215541
0.956738609914218218754911
1
3.00509299554273611994404e-23
-5.3278932791570691833885
1.88914922370887988821671e-16
51.9987835649771008551575
2.90091693261430399171917e-11
-524.957257946748292023299
6.63104501510531673565282e-07
5316.88952545535041967223
0.00388723830360267403033908
-53869.2887993452454539909
7.50243904435223774198961
545579.185007071183777692
5370.19640364806188030254
-5630567.54880598080151415
1474115.80529938215535301
39206076.4003832547557957
146409097.809845278604445
-1503720665.95046951839328
4075874408.14271317859371
-4055051689.11965322971633
-0.464605633600070465717645
-4.11302795225302317833128
11.0555863746369296927871
17.0549382844282819690442
-131.927538172822798508497
75.3945359569936723430448
1091.17420366271351338237
-2622.79445333940298308347
-5522.43874808585698623081
34299.7037717489720705107
-12518.4956852689300797011
-255420.217094206468230219
177928.959352136032659493
4927648.79124175195206169
-26829774.093006186644455
74517837.1974994286591316
-126151726.304686058974847
126804272.173010911566241
-62516231.1906448399291393
6092543.20439316339064729
-0.863891938606569242809703
-0.215939502404582633267682
4.44568905347211836353171
-13.384502750248323089387
20.3794177386774127130393
4.07417646642756669703112
-118.775133515112791185422
357.514235377780899683241
-524.21575833541950054695
-178.808731154230368583707
3279.43038120382110758047
-9540.75226455252762823934
13603.8905203050744268959
5283.71018966610505128052
-86497.9530383026653788485
260771.712717836479792508
-481451.673444575808488846
587862.902965701576501471
-441361.083373196075472879
155600.574342689534592498
-0.783729197957211795467024
0.543170806068460870176072
0.102665464617999624418093
-1.55301338010405710936679
4.13398084357358012363295
-7.65063644025330016574841
10.7590154990195552132197
-10.3786350889957235346131
1.54916892869522266196817
21.6213031702541970871694
-63.0310499177446405879413
118.881100147756811461822
-169.50669331047796345873
172.581224342541775239881
-69.3350564709541231170819
-175.585298068163237263244
495.381246868085197997255
-681.687906830926238343697
543.604843350613173029677
-200.578058693666955885672
-0.66189175626985877989894
0.467375543766703895636878
-0.257664689572490628359368
-0.0160820466111333454361215
0.390103897506960951325362
-0.866911737843108586091859
1.3974377902228188412779
-1.87850445706976415820093
2.16930379544510988795895
-2.12089105073667539414322
1.60894134419383652380619
-0.562325929690002320034655
-1.02161406221823608883714
3.11391332948852392011331
-5.85680196450922911151798
9.97845679566957927896346
-16.5596146638907582823764
23.9900717281878261122474
-24.3422063123417931697996
12.0607924695162897191769
-0.58954527195444711416337
0.383130567544155690025836
-0.227569294572158962456921
0.0947747211845722950379381
0.0317182026376164913098539
-0.157323341480803700268096
0.277058870192297639091696
-0.378316442626247975151058
0.433357595232747119203248
0.554118603081314874861856
-58.3703596855441265894445
2505.85662264935796914577
-78045.0903035006089588187
1706223.77739893641752695
-23483609.1642061918400191
119654570.726727794490317
2199747669.26335130633726
-51250831707.0107726580252
440971783540.04548352817
-1486143166561.89977501442
80
19
6
0
0.0948337224785243404490132
0.308147656395504787596451
0.551008815862513934291655
0.786247749467685497215541
0.956738609914218218754911
1
-1.11153682950276875871671
2.30838948706394147843213e-18
25.3775902610954626814015
1.24153741018572923605705e-12
-263.396663403864367186558
5.60805564798881176679555e-08
2674.43424173188918514269
0.000517783429454467943326252
-27103.6889446335117210869
1.39352493798070809184077
274575.896766941188405342
1288.63843319714077233254
-2809345.89086448060597118
433132.195966243553293285
22810513.2968316095084383
50476130.0091654665358665
-629713920.539382880786312
1574191672.12087929798015
-941915566.407058284712588
-1170734191.9891458293421
-0.902826240012275465089218
4.0243794313196612336792
13.9284661772960655457945
-63.9944151711380969004564
-21.70316115191158154154
635.17951909255701780252
-913.251133217435086771125
-4293.57132931768338427168
16043.9361614793411098762
11536.1693245412312011153
-168331.718297449273020816
181930.981941619466545415
1263350.95239569212730397
-3613406.0539413246651487
-10423305.2857537216510541
93681609.347025695502359
-297106480.374057476771053
532914731.589106755874363
-540913606.391049378056854
244622169.400775096708308
0.0900498207959087120603849
3.81565209064439140060783
-6.9059959956964970644272
-0.35742233815359036408347
36.2774338878696696899906
-111.51940140415628122923
166.550669880263654711044
44.6236660348899621905288
-1000.21905181938686279145
2951.74638226651519628481
-4216.73094283480370309276
-1967.25913855177998661897
29214.9568217755707837624
-90212.1727993734816176482
171898.339994137696042252
-211169.341392900082223565
130442.870867045169564549
44439.0684245893746194681
-145821.777079147598989096
82437.9221004400699244767
0.666504748768885045747017
1.25801594168724423215229
-3.25739337748499385514615
4.70244690064054121758862
-4.35892206813983742716525
0.389665998020083654456192
9.33532660198398429154946
-26.2006463585443796529428
48.5745074787432736391502
-68.2237923020965099211875
66.4164390744502560286348
-12.3582286981762098102093
-131.531097154410895738792
391.944010804746999371113
-751.793766280197709446079
1112.6166641204239772472
-1293.02970478805081713912
1127.82218089272940615302
-658.324145207317396262934
192.024551869351016626366
0.831203803770643161673301
0.305444081842853930116481
-1.14593557570179378146576
1.69741638137145537902705
-1.91807943532007277129845
1.76160313225573735483261
-1.20402809580897188565247
0.250309926210392525259862
1.06257928535909824493244
-2.64783436907438817344198
4.3370274554195998211144
-5.85654120769439520076824
6.84907651746773973333043
-7.01629935138072136884557
6.57689987834104294599561
-7.19443856857165065533287
12.1690231618499377556988
-22.0265055496370446576216
26.8275740418877005909377
-15.0323758767362342999608
0.856987179284265511984486
0.0311635783850761098677952
-0.539035247647496848696017
0.794217501707792657649966
-0.866960003941495610085784
0.804275766423919654148524
-0.646916132420239889040651
0.432625093295836576284708
-0.167874441210955482710289
-2.11829883301211106504083
122.494280020883937764025
-5439.0014486345942802131
181877.018876250512706835
-4505321.99920801824022175
80170432.5688908321068045
-961826920.674719184157516
6618921537.21418383359315
-9482688140.74652647809023
-200108310608.928846122147
1089901162150.33719238796
80
19
6
0
0.0948337224785243404490132
0.308147656395504787596451
0.551008815862513934291655
0.786247749467685497215541
0.956738609914218218754911
1
-1.21929350324112657416683e-22
8.15579990176717596846475
-4.68155440118599078727287e-16
-120.989131153771250234377
-7.09667061843225255398035e-11
1260.87591938085030249715
-1.61188522369562164933915e-06
-12812.3477638636760430795
-0.00941495767695955081987191
129857.503301357286634572
-18.1327206269826457619893
-1315225.81929558786492303
-12963.3751587668388635928
13573887.4695259340148472
-3555955.46977317337484353
-94497268.1491371970985325
-353043715.158186435670927
3625384674.31244850287325
-9826550889.00261569622587
9776395962.10378795761527
0.679116881902127795295117
5.34302486459642989202733
-25.44879944646973103881
-37.1531086334775188995364
315.98486186316791015458
-185.485433288133160458493
-2627.48727581012328593333
6326.2339151778809635113
13308.9388852027284991973
-82689.5869609287171025785
30183.5984575119302944456
615746.298920823311651084
-428941.333660365046502061
-11879134.1433700123060107
64678816.188900783310914
-179640907.43052908768659
304115239.256838093385536
-305688341.511921726008841
150708516.689207582523621
-14687359.2828318943803596
0.753971238946604821170409
-3.10655691799214531321265
-7.78839286185153481396947
33.5008989176780178951508
-52.5841895211196240571496
-8.80784220317226484222106
289.090794888200076390746
-864.628920580932950759981
1262.70489285473424468397
434.503940892933362075434
-7906.88691981880936096276
22997.1972100380184752772
-32792.131221813826219107
-12736.4971421051447792741
208518.003945139952718782
-628644.207693999279851245
1160644.60663850904617056
-1417173.07847877723694534
1063997.40846035131329356
-375108.866354290040518422
-0.140468346219706184280512
-3.46586965606432676871847
2.59763544588338850917729
2.67378306545683866937719
-11.096629621681701180335
20.3462091701031286497099
-26.8090570314626563813132
24.268001365815828641452
-2.30293895267596303317453
-52.8304866942530101486352
151.407302556755356272453
-285.489068379603653891965
408.06671901547665032632
-416.439141263661962618764
167.974033975084311621252
422.887321972857117948489
-1194.61612339979318533026
1644.16583191146070746368
-1311.08631031482423898328
483.727935142196546862657
-0.800208174925163830221446
-2.15624310083717576675247
2.53757247360016096693756
-1.30359571097753757221999
-0.664862087558779215475384
2.62629604661503916284924
-4.11513036499294354650978
4.97212785987480957956947
-5.20707684136587242606205
4.79384791045121842550465
-3.55743430686038513010904
1.23580951223436910551521
2.32825524145701131747172
-6.98893116959613809750676
12.2498917325637885363244
-17.6209980869987252489958
23.4375426722158207479866
-30.1172934846956092584077
32.3822788049742313170638
-19.2769784214449693611101
-1.10079503851863982617034
-1.40958674259223884853553
1.84494146170197870640352
-1.28817411699911880792836
0.404930448538690671013867
0.405408324345958788188965
-0.951500310691011286721364
1.20565987941960672938525
-1.29452018720200814514113
6.06436154544671499305719
-320.292736388395134871572
15881.508618151219243594
-607038.146204039823749362
17774602.269016272722818
-394675582.724882944712264
6519407318.80112063624931
-77504597526.1785640110406
625823443712.512174253043
-3068317548772.64369832045
6883931813779.97441901926
80
19
6
0
0.0948337224785243404490132
0.308147656395504787596451
0.551008815862513934291655
0.786247749467685497215541
0.956738609914218218754911
1
0.916296038548392606718338
-5.01349113331578754697062e-18
-44.3217388691876651155142
-2.67174212622307659868609e-12
558.381173061466482669421
-1.2051483553958765987895e-07
-5783.5211288438473654806
-0.00111388041212787733499565
58741.1592390568792925068
-3.00198837918316082154707
-595227.369886978477158615
-2779.63590286821980839817
6090020.60303002018533057
-935343.13583613412905603
-49489436.2218601628123295
-109108421.801517458831543
1363278384.05062631937982
-3405187576.75847104094097
2023668212.24617505911722
2558673577.20052858046991
0.558999488292256609504636
-6.73854092954252227661824
-20.1659387705959189845094
134.178350650201190219429
36.2622585586472116015569
-1369.58303050131453358286
1990.35051772886687591282
9297.4129220889941253505
-34790.7187717427590899416
-24995.2027155710826878583
364929.0801129609043312
-394419.702123306987759708
-2738786.09822113704143339
7833415.7293185578720232
22596375.3907588731765592
-203089602.144057083812395
644088320.12844525317811
-1155289992.23202425022415
1172630514.62003722612075
-530309127.62606270272186
-0.775980624693274803411842
-2.95101711717219450335461
20.0755878599355340548574
-8.44886155541419946299769
-78.4836419854150796466445
251.162879892746033431774
-367.075259044301804806947
-102.560082750825355696587
2178.10888165588564413181
-6399.19545802851063749971
9131.51513416215791002916
4271.10650813272334103536
-63328.2403454051332293502
195558.113613936232594329
-372653.19462742489696997
457798.649877541700684058
-282791.852799062804377932
-96340.8957847792750073205
316130.821792254256920985
-178718.688245726275543209
-0.557411389644090376953191
3.57836661981989750688884
6.48404730955856958202691
-15.7327386115059661263031
14.8440932477284176396437
-1.0612234149534349171973
-24.5662884861658178376243
60.96476501504225948739
-105.516778657286566096232
144.604842449926095951844
-140.7578396070390619368
26.5748768640671557578919
282.638397410587165164971
-847.194696764831874818802
1629.62602997865126184607
-2414.07540007854725011424
2805.53787834710861096448
-2446.21655900213467391873
1427.29948238487350261049
-416.175377575801668506204
0.480591657892750990470085
4.71577272813604830109885
-0.379249112530125628420721
-4.98383624955858898674668
7.36180653981813207742669
-6.21523392076633392580933
2.96646612614300655191186
0.670956383722728511839442
-3.80217019469816947635555
6.49796113870291435119649
-9.19866111059021467328482
11.980759613040066326654
-14.2395709790310963845035
15.127017490687122666587
-15.2794799546536913766169
20.7089237209967027740791
-45.6421830206380870220008
97.2398242505877402510686
-134.094120250999047260813
85.1624540925313370312845
1.25426409476299068623133
4.27411769816371025224658
-1.91467348085370223479576
-1.47686917005814329493004
3.33159508982698512833974
-3.36873380516287146886844
2.3037023151515111616835
-0.994656797768651410625037
0.101234184784105298424169
-8.36086944767251046803083
509.823713032005515495297
-22158.6397327178023308987
729857.647971399416996115
-18053262.0693423746241572
327979060.766641067365208
-4197991568.36979951236066
34866001828.7509990629259
-152607557546.137034346602
61983761187.5247123818008
1569520403168.58828468392
80
19
6
0
0.0948337224785243404490132
0.308147656395504787596451
0.551008815862513934291655
0.786247749467685497215541
0.956738609914218218754911
1
4.08463808402694168947686e-22
-9.75522249351922780819757
9.79596696231825497954744e-16
220.103322877444967300506
1.48859472011679485625307e-10
-2540.21428372080924380653
3.37141981191029003459629e-06
26130.2515792066070970543
0.0195766092716063451581112
-265211.906003746283089251
37.4855683801696795753768
2686540.06255996343000618
26674.9111890599070519309
-27729971.6953421133223609
7292819.33160741283123768
192797815.241970447495331
722486727.244949046215785
-7410743956.11741688103598
20085040435.6220172293981
-19983824972.5790759201948
-0.755234677492924017818988
-4.72504798509920280612889
44.5861675231294281369383
51.9183849893405505085714
-629.882291225005817742026
406.894365713814433615376
5342.83697427227365147676
-12950.0659149405159887157
-27152.6977375506089681869
168933.624930020613640426
-61698.3921830222171308801
-1257799.42400600547853483
876247.318056418170011711
24265447.5496138227337699
-132119100.894009118766177
366951436.937014249725349
-621214352.921090227701412
624427747.745340437064678
-307851435.172081361489866
30001812.6833796001718318
-0.115306982289635190291718
6.92409641014396956499719
-0.7725802144500038688931
-72.1735767186748531861667
132.243298549809103062271
8.28014415024208204474841
-611.775493725032698594613
1789.23789826189570117426
-2571.41942088135843944278
-916.109810129755539174789
16160.975029061389908215
-46953.1228491498501639895
66960.0743373841887857395
26008.4396839577995641921
-425909.061246183623101772
1284119.78558804755040109
-2370873.52546010786518329
2894896.16359194769834657
-2173447.69928902911133971
766238.653584035983311756
0.889685036332659164471854
0.0728773747012014255948283
-18.0158567553512364748312
5.87941344702275964275497
28.0007191326733434495866
-56.5514094476004558034182
63.0150082280020831174976
-44.0008179661818109788024
-7.2749472712822088096923
114.072685567142497965164
-304.850800048393969531071
573.964244672452841078212
-828.810518237245910372144
853.994787063674985505068
-350.176092968864078823685
-860.118816044699418361226
2442.83787652036225511592
-3364.53119436605739523086
2682.79634772028675053718
-989.635026776381566223338
0.0404222105411124799919928
-6.6119127025133426060169
-9.6537242454205979306918
13.0869832084979356919144
-3.49969416272418643198632
-8.34181326180450232217766
14.6051409386257241923896
-14.290612599736356056696
10.6819327503016038757321
-7.11886099551606780061245
4.50281985668337974186571
-1.40395117373011769695519
-4.41899456575028535380729
15.4858092467740081366611
-38.8026671093757723582211
97.8618497499753254172074
-236.071431174940205114879
449.971090356681766591273
-555.898487100989029483422
323.85438367725266788192
-1.30645246541526572016193
-8.8565829240245867326568
-3.83556804804682483128946
9.37408785040026495055818
-6.1983415517376153197923
0.223238264258509159827254
3.94863731574030542981617
-5.03919791931873856434809
3.52782397961538818666312
42.4477764867885797758106
-2999.81177698982002884879
154535.357056359161065174
-6145955.17716376406276386
188131884.765290580123964
-4388177983.82089559603364
76524326463.7797914376376
-965499511872.122081369938
8320741645134.55611798043
-43809559674837.2354537248
106273075447731.597211781
80
19
6
0
0.0948337224785243404490132
0.308147656395504787596451
0.551008815862513934291655
0.786247749467685497215541
0.956738609914218218754911
1
-0.856009817674093173645436
9.30721356615186385280142e-18
64.7187408647687294652515
4.93678174151446238859454e-12
-1041.85088951904515676033
2.23263379507126358239695e-07
11424.5721730505294286796
0.00209801360277792472352509
-116897.627932181581428064
5.74410100165062991599102
1185569.04287673940000642
5383.53260711367777522176
-12128526.0790408765042359
1827702.64985762566743455
98945511.6882051227070742
214564769.432104748367142
-2700181093.73584411616326
6724087569.19484618622275
-3892943003.54327567344017
-5246440240.11206463206592
-0.350623375441783541139776
9.18863883101434147125986
20.2871946557596057727903
-242.15400044901742494497
-14.1376131361275850648346
2678.70587396064830112318
-4034.2123619417333799347
-18445.9464826964227400589
69370.3000022031224066994
49691.0062448929248167921
-726995.213557567524169481
785808.530187199053931735
5455704.12981154669574609
-15604326.3864927529676519
-45012031.1885610344791455
404555038.533970766981501
-1283025175.56388986051099
2301339624.26729731458306
-2335881969.54648186795091
1056376709.67446750270934
0.838109907923749058709376
-1.79353805671219404010859
-34.1010041411853188646742
61.7517583834171356498039
143.458594761084232373508
-557.928265873124333762361
777.12186196932173359928
242.254443460141831175239
-4410.0108323843581054622
12750.3560203910416515816
-18118.5554303756525789463
-8555.17378361606581322447
126106.3457377911941898
-389477.549461789217542788
742326.037563130868409023
-912019.571951016409407606
563393.851398686024389971
191918.105362144386291268
-629780.035092466918534619
356031.442435072241634162
-0.552638863021749244264766
-5.47001651776664110284528
15.5872697574831437142395
44.5450010738252676661586
-67.5868371006759358769898
12.7195101419959083249064
76.617871154656302097072
-153.587531119797397090465
213.836941347355504705964
-264.125429583240525763321
256.074967415875248801827
-50.9947239591633023088438
-544.557366691910817341461
1669.2483686106978192796
-3245.20485601260995051948
4824.54279469505820889926
-5606.9396870073931022058
4881.97097139410220664164
-2843.38236954234541001677
827.537242513579389636307
-0.586378233675037221183753
6.13379387297617335841176
28.1634249246407144323768
-2.62816947241277892842619
-29.7033624450286018647597
32.7125713631477851281851
-12.5616577093711206278633
-9.0662592916469446769285
19.261197352983789114937
-19.2362664893301391251451
16.9838874514545800439159
-18.4585354510849720122068
23.6941000536933866773265
-28.2069006372860667078896
26.5331640016112867438426
-13.5363465644606176402218
-18.1249462207823111530654
71.2583049711146724528667
-111.000923309767241761283
73.56731753927772757691
1.24426431564435812174986
15.0453428037932198681553
23.0841373123159794814407
-14.7667569437541373668603
-8.00838489213946211910042
18.0913063400518599127327
-13.5450674570783016450551
3.82910517533915467655825
5.93098631714088283738151
-232.375305671491914587078
13993.3825760597476703747
-665532.127347758907470633
24522331.4183548513092065
-697350258.03083261873307
15148011464.2257630781552
-246526901298.979099885916
2907713858753.28147388824
-23456915843977.5568538027
115718925881029.928392276
-263183390012795.127411934
80
19
6
0
0.0948337224785243404490132
0.308147656395504787596451
0.551008815862513934291655
0.786247749467685497215541
0.956738609914218218754911
1
5.09456922369468266177124e-21
11.3113925888913447113343
1.39546768440413397438554e-15
-357.478522556306054369887
-1.78662533113906348223805e-11
4793.4270884523310701384
-2.9424443318657192760475e-06
-50965.6192377946605745763
-0.0251539669405665809456429
519587.312773346478345919
-57.5970982509180205930961
-5266477.84142996206236073
-45419.3454358952227849291
54261714.31880155903521
-13242859.4009934475965336
-386485688.549042444148425
-1366114757.96756228699635
14325816463.024701216738
-38878197605.1983129525934
38614960164.6288184637748
0.80136168598551629712618
3.37302535533933521836123
-67.8989691684492226660069
-43.8167462922454031600108
1153.88691149578267742568
-938.177540741067284550623
-10323.4882059714928950033
25552.5454164249674593738
53009.2259695488402815703
-331318.326537238119481502
121232.501932438677685576
2465800.61696363001333485
-1718066.13331526361579514
-47567942.888403146523938
258995241.670697351175941
-719339804.145549263673768
1217774228.87884564779606
-1224073593.65999013414969
603485273.908831161871982
-58813055.6388962013944003
-0.472425282258429401249079
-7.35604079704097128846373
27.9601026950788877010337
101.752322932298069188514
-365.631171146966126825861
66.6465942907326825022961
1312.81647004077059161971
-3663.65355395614421833638
4999.53198108488780423438
1986.29608571033081826022
-31749.89147221689124304
91888.4303092598963194005
-131097.59321410228915262
-50929.5074152281265753075
834716.235933454335387732
-2517224.25284112627031304
4647874.40781832898424539
-5675218.38287764025713655
4260827.92400160052286537
-1502113.27400740728273862
-0.226474419749947845039279
7.58783242471610036916726
10.2394840747597198306542
-91.5011166946762123738729
-32.8061023078391022909082
193.139087776436319754693
-195.120835935801367746122
61.8349341948723938994043
96.0591886613079450750691
-270.45964228166703485549
569.388385160435320366724
-1061.61235091790884829637
1591.14512908281142078268
-1694.74947506576438852949
726.422640179392700308656
1686.92711981414002849988
-4866.58629015232761276039
6731.04940706502150661754
-5381.92332949481662517447
1990.89632256974411861416
0.942564630842625388654686
-2.28993997099855247690544
-47.8921523869872697400168
-57.995831486253894223245
68.1150307723583998042496
9.4605975949791548067771
-67.6227797668670803119557
63.6996743087877348902229
-26.0510018794749958296351
-4.27332440572240593545822
11.4112110781086749156412
-4.20290842522392095369248
-7.24797034681366573545459
60.9901277287019038698894
-387.34975081947256835574
1727.35898272397564055998
-5381.59284973350753521375
11320.2222386777527700517
-14513.2165054763740445737
8580.22780944721140960197
-1.06984547927271787514802
-22.3357965574116851704922
-65.8896881184103764113354
-13.8263776577466296858191
56.1783639268009797317582
-28.1555968232529660158893
-12.8793105795056275727781
29.1372308313510344462125
-22.3706123606714130439349
5.50203202474874631612955
3721.80004976151180170029
-359010.02744431337880528
20346516.1641253834146394
-793714737.098834068912408
22213798468.9093347606007
-447773576546.465930042596
6367644126422.86000748709
-60744484018017.4650109999
349264035027905.292958117
-915578474048041.17505673
80
19
6
0
0.0948337224785243404490132
0.308147656395504787596451
0.551008815862513934291655
0.786247749467685497215541
0.956738609914218218754911
1
0.831970278251625196123666
1.18759392184683565761289e-16
-87.8602661361597428768975
2.87714773706652897481052e-11
1798.78373256057440499599
5.53837236137373574710747e-07
-21662.5599737645064147611
0.000833154052748993841935455
226023.326041573559596405
-4.71184252457232879394232
-2298568.91022316003716987
-8091.01445956921381240521
23495340.729832681340065
-3408433.55546026960769575
-191238807.260252584518075
-436572426.301795932065433
5435287556.07711077408852
-14116461059.5973384379777
10795250162.7746283204649
5897342592.5838054295533
0.172890883328992731981945
-11.4127109702326197841009
-13.0713229625787139742757
393.646291595389115549508
-131.452773265463959694193
-4945.08662943588870085781
8158.94383881904544661162
35333.8596921719313173509
-134919.312958553853204323
-95748.7019797116353143679
1410249.37706571745751155
-1524757.73057293434296156
-10580813.3660981099596986
30263331.7235876618235637
87295109.5600786832773827
-784581655.759045834760487
2488255671.9740810872333
-4463138348.09781538585697
4530128746.89148404871543
-2048700857.33622464605669
-0.504570303759075938325314
7.70331199385856512644912
30.4580417039207303371133
-188.723730156020773371893
-110.815954448765898851827
1298.12567532414736136429
-1816.62908028947123762243
-640.088923364627875836388
9001.028409166535865759
-24776.5015483836374620326
34688.8503033007019989353
16904.4356440506813255482
-244291.908163775532999045
754860.094383819949399375
-1439659.28225800435961313
1769351.36985215626769512
-1093271.28402788191002773
-371944.484447894015182318
1221377.53099204877979316
-690490.906948090953541895
0.82454537245486500358427
-2.99825650399204863366392
-42.8260389389794311138138
43.7216129731877840206581
292.18057213842788289952
-194.137419321020501516414
-255.990814522842406803389
522.520957806945066808675
-472.823568375665193626823
364.276977397427710245355
-329.279263281978854960947
80.1408601193007148449044
934.428509194223747941566
-3109.36104984635338893755
6259.71638138458831562638
-9377.74070887102340158769
10815.9831455281039058038
-9263.79615973747290962722
5276.90710829363799555372
-1495.75100814120408164534
-0.952948811384798553121684
-4.26009545680654037160684
54.0779499111798612855629
185.416014715275630401126
12.0261354973154918736763
-196.458726252378126624435
124.90757197185629745599
42.2696792560530556053203
-121.243757549128119864883
90.5242466376858332391227
-27.0626843019196333809654
-8.18672038271280431003849
48.0818201001608085538256
-404.054590397771769594544
2439.3877993489080643186
-10367.3806058969872867167
31411.2246863974519364919
-64879.2109128413249796202
81936.567443208554341566
-47737.0654813095985452401
0.796527319973947998582746
29.8681942971864172908136
142.914930619631068810157
149.337044701353950363624
-99.3274453188204861875958
-67.9266683370770992196939
109.27885264472275760681
-45.652239415462039754311
-11.5354508303223104772358
-388.104518842162572125098
9850.72990489969914159799
269874.732395993795281336
-35488411.7074496332578949
1688892986.58626297416718
-50500643951.0853779112402
1032405200621.67926451487
-14505460805995.7393596081
134659908262749.725890497
-746174871106941.057368337
1872382202307519.03097178
80
19
6
0
0.0948337224785243404490132
0.308147656395504787596451
0.551008815862513934291655
0.786247749467685497215541
0.956738609914218218754911
1
6.52661663638884495238242e-19
-12.8919780705861713855663
1.40951310625474114910584e-14
539.992710152224330516449
2.52390179251116958312456e-09
-8579.85991421940597730194
5.29087617123985558671412e-05
96766.8308862755234609074
0.264554330361959882929194
-998070.701226676097991503
411.16429580040242918995
10124832.4166233329890363
228646.964284635292855851
-106470314.674574541463036
48196757.0951313553461859
556545681.438002181580668
3742746387.70343039542509
-32088764243.6116967586121
86012491349.5344156845765
-87073621958.2279172307191
-0.821747273797244419808545
-1.3527067396976784193202
93.86696503858115715782
-9.24841569243346338789901
-1952.31648584593796053972
2220.23204978669721136838
19118.8687020673459199927
-49952.8530314056639242945
-100756.478473672182448981
638422.77053556712577979
-235005.308962213269588804
-4745713.60209652371938564
3308266.49492567520510662
91536680.761627698815315
-498394287.200878892846079
1384245645.83691200005963
-2343393039.45312368026721
2355515018.67875486927984
-1161302103.24422178576384
113175502.851400902926618
0.801243154244571870011587
3.25313230093261512804903
-63.8624017985192894344901
-39.9165949481726704284872
833.719494951551962273368
-701.882529167832935166891
-2865.46637805761209217404
7991.70294144658521735252
-9534.49749247857610500375
-4958.37557449766862606952
61590.842883725549703709
-175894.928565585883958284
251219.013825313855370916
97729.0265597719434214647
-1605219.29686872437248449
4844190.99943571084404315
-8946584.31661905529804592
10924644.424775160676761
-8201902.01333189225439175
2891444.16124129071659695
-0.736495987311420052498996
-5.76425472922718156011191
45.530655460980078825166
126.147807186210230292985
-400.925923830287078615645
-549.396002770800226349483
944.707823971617803848652
-162.056308559879944115033
-683.883043625320494323651
888.080694611123697657848
-951.676844549822795472706
1631.69228006905992061049
-2847.63718808467068022905
3464.47175150268416664689
-1978.09310863619596495281
-2200.64720306854273052159
7405.93611318687389009349
-9902.35858774721502296229
7330.16020164625052624468
-2448.18373072221075672493
0.594533283060036987007872
11.043900316172667018385
-31.3816399877973021118597
-344.480486388994758169032
-424.070492037195711841305
337.089898848506396770409
250.730608436636711233419
-426.349916259555693208314
162.135979979740835030263
115.249020953267632042165
-171.287690070334581728322
42.0982650207071207445674
380.470896796660583370934
-2976.42846367807544321287
18303.9055077708142153637
-84647.4999558035809229253
281299.503078075787383186
-634318.090806458913156644
869111.760148212130899108
-546149.529111145987681939
-0.447132772567154232353727
-36.528657655087845241881
-262.816198042866513187635
-521.987758714642562316082
-90.4499064036352349178396
385.196256111200516546771
-103.631004764267306274938
-168.162970311645436602589
519.094745516131383720827
-33628.6044909236535849942
2440876.06650730011071692
-133906345.389691711645778
5590434983.53778859237662
-177779683502.505808323599
4276042068898.51384301602
-76483728958766.2170663795
985917784325722.385781094
-8656235112128832.73266178
46333955899983627.3918875
-114087830842541196.457608
80
19
6
0
0.0948337224785243404490132
0.308147656395504787596451
0.551008815862513934291655
0.786247749467685497215541
0.956738609914218218754911
1
-0.820193430670375032091489
-3.30071936583664246877837e-15
114.055744666043010181974
-1.7143404393324464015484e-09
-2921.24464896470013860009
-5.58453666134617890285961e-05
39612.5305222095912302353
-0.347986238224084130662362
-428930.351088413408898055
-635.510086745991981023721
4411264.41665209984403836
-402905.501014906982414993
-37634732.4239581747187687
-92390184.3517333986464698
1392012150.02647625867112
-7163583711.37029012414575
34889741497.5240672797997
-148673453921.406051712435
396635649419.728988217995
-468668400072.449290692645
-0.00447113914316953869669103
13.2776511444014834523818
-3.11431068128550885390463
-585.598168674722148744281
543.474117018033668891217
8575.37683000148662326858
-16645.1126951928015974689
-65425.213322705800340623
259876.394982564010891601
179698.156757320226327005
-2699718.23541486899972254
2921623.03910847012740083
20242864.7743402761941645
-57900131.9477444902142377
-167006819.98963339949
1500979375.63016754011075
-4760237196.75143126547577
8538334781.47149689232345
-8666494702.10940743188351
3919330596.16605616063602
-0.0235268972088992394447154
-11.4239451829888364782564
4.58319051877242775464955
346.160520557368527004993
-353.02091437242134719387
-2575.16341147889412487785
5192.71216353727668501924
1433.97024346437971200461
-19730.0112547902963743315
48063.5080543657071735198
-63804.5469715357622327397
-34338.9268676466228582061
465602.444638024181358313
-1440156.92241664173282896
2749922.4411952782515355
-3374850.54730292177171208
2063761.6998518817926914
759643.208385083931694703
-2383996.21173674297279007
1341846.46816314687473748
0.0250080637728532387392612
11.1097414819135282240408
1.97182356004771218303663
-280.544418368798514974696
-78.3798375275144680139596
1651.03360057117008998555
217.662433058282510882464
-2362.15033299715728016453
1702.46159331893415479881
65.3588798030676212700554
-524.856242977045971269341
65.7564588533009229856993
-1058.29371650686468899678
5289.89792263470569364563
-12527.519652320998079615
20760.1354573313455644652
-27025.259252343111336478
27739.6107795211342589733
-20152.5148996749913770994
7574.27840572686871924728
0.0034507557487412412109682
-14.6627439333951750610026
-24.8989159158554406160825
429.947059459854857049607
1320.3863777236606976186
386.330140144196606357912
-1285.49299689149107298475
222.424012511308482475872
763.877161152879549334913
-677.623138871661980876636
109.791692823463567446129
2.12927001900857500911358
2211.212172879783367578
-17269.1757785081167642711
93677.1909590301798241934
-378341.437517997099857956
1103691.84705611875353994
-2192136.16795288262093405
2648138.13578939460536307
-1465453.74591225760031687
0.0515958786153467292100465
41.0934720238931875068441
429.240369222905227046087
1326.70107703686254306998
1161.45609941451257420487
-647.402512781598106538409
-651.474427389533869005945
678.53451555969720132455
-2396.58078184492282274047
216307.248387209162628182
-14865591.5901247009895447
775685104.766848181832664
-30943449489.4388826994812
942684339732.12436434392
-21748128239751.3357166762
373226496323701.622107035
-4614321606767125.96101344
38823426082896458.8349359
-198904860504671085.860652
468099827171356719.840387
80
19
6
0
0.0948337224785243404490132
0.308147656395504787596451
0.551008815862513934291655
0.786247749467685497215541
0.956738609914218218754911
1
-1.59279084625344568154894e-18
14.4847661406205441546134
1.56418604744084777013083e-12
-774.253128390927352562888
2.85595001171480137810294e-07
14635.9767939476556163491
0.00679737294143759858784735
-179179.740696077755804463
34.7356756003852633155331
1890076.67280062458392584
51438.3742485849111499945
-20591785.8100558546113632
25143451.5103557942050901
-174780508.48687173779094
4125354109.51400057102702
-36088716035.655492577631
202449444198.876572367679
-792212278042.561480110579
1952207015639.60260423857
-2245184259138.115566474
0.81427600078143586232358
-1.29813911383351146619483
-120.1949107913240723436
132.423476111137436596866
3054.08475936028845091436
-5056.37489402229826416597
-33630.683507231284004262
97604.3650566130853084935
185720.153902607912457793
-1219632.96628876683262364
457003.037817553461476221
9041178.72250088686136471
-6312382.01068975097707378
-174321911.153467846933499
949141096.606992936339941
-2636108034.48588141906716
4462634574.16503039054465
-4485681820.82651144057778
2211454501.55515468469906
-215478698.123044306415949
-0.780534902065992605267027
4.18560268284705989272785
84.1130361257261063601345
-193.337093913385184222516
-1317.10496751858783342259
3108.96675344095277525173
4830.72663662387987460298
-19829.9269393377635412967
19385.2875955481801551904
15422.7090116367528248497
-120976.67664717225134236
330024.660457181283965591
-472467.838943420009418695
-181808.029491388236841236
3039149.84713334633780447
-9192517.78267771116809744
16980694.2410569185813969
-20721470.7891209552596857
15541930.5970429658058406
-5473260.52936247063949074
0.70833547743452189875681
-6.97632356864493213006363
-70.0305163592200347746874
191.116227777501570248375
1053.05145537234812996886
-1211.97572707715239771244
-4531.48042537771494846475
2647.00377674358988561056
3641.43740146387731692413
-4731.44066123999840340024
1478.98499301330580199496
-509.606297418903320475065
4144.93018845694982598481
-9205.14927470722786503304
13069.0687895602453637184
-19527.8581211104621510409
35863.9094095310250716778
-56796.1314856334919480911
56807.0120905491816650248
-25867.4742366957328395816
-0.606468752866655312422302
12.42859567541453558626
99.7386515772845570249327
-297.862153185944419344988
-2521.36419325231441109224
-3415.38565809861646635007
1337.80180593972776031685
2682.24076293242317169385
-2062.94431823130372926832
-553.475861526161861256909
1734.61045623276999923006
-3650.19554705862447242867
29960.940533198001963184
-240481.034021243650908779
1458705.94592094200743405
-6576959.50985691461048326
21379501.000912126472631
-47336124.5750506882849293
63871683.1916449640819926
-39620400.0854434972778306
0.355801902142065445754828
-42.3984854949921182517703
-637.986755050939992371276
-2815.27260962306578010722
-4509.40335884659361855879
-993.586320308145162965735
2852.21708866115598925203
-95.6586069905374480556672
9545.38013016658441959168
-1062521.35188686122386659
75634446.5881218699493994
-4057652296.17283298802375
165606465153.93578178738
-5147202121682.42009773768
120990820999722.800272114
-2115117646880786.1362666
26653994156009956.6376447
-228859530956815867.45429
1198595877815270863.26425
-2889382726379896622.62603
